AlexNet reference output (Pie33000/alexnet, model_40.pth)
input asset: dog-326x256.bmp
input: (1, 3, 224, 224) min=-2.100779 max=2.640000
logits:
-1.94927812e-01
-5.70995033e-01
8.19209278e-01
-1.93303514e+00
-6.33029401e-01
-8.78308654e-01
1.77494621e+00
3.11690378e+00
5.42845774e+00
-1.65554434e-02
-1.30477393e+00
4.55645621e-02
-2.15388751e+00
-1.35488236e+00
-2.85913229e+00
-1.72630894e+00
1.43367633e-01
1.43557692e+00
-9.30465817e-01
-6.21557832e-01
-8.21016192e-01
2.55130553e+00
1.30487430e+00
1.79919600e+00
-1.08179772e+00
-2.30629158e+00
-1.96669948e+00
-1.41058600e+00
-1.71264851e+00
3.39499521e+00
-1.88626933e+00
-2.59885454e+00
-2.01932979e+00
-2.16542554e+00
-1.46192789e+00
-2.52338791e+00
-1.55664468e+00
-1.74162757e+00
-2.01340699e+00
-2.68188739e+00
-3.06280184e+00
-2.45393372e+00
-2.78179789e+00
-3.15368533e+00
-2.66735530e+00
-2.62878489e+00
-2.25663543e+00
-3.04299951e+00
-2.82541156e+00
-3.12594199e+00
-1.08098316e+00
-7.00312436e-01
-1.75584626e+00
-1.21067357e+00
-2.51689267e+00
-2.47671580e+00
-3.27511668e-01
-2.85268474e+00
-2.46799922e+00
-3.41656113e+00
-3.29729557e+00
-2.66098905e+00
-3.07719564e+00
-2.71533251e+00
-2.95732999e+00
-3.40173531e+00
-3.34841490e+00
-2.51723385e+00
-2.71866918e+00
-3.73993421e+00
-2.25554013e+00
-1.40915251e+00
-2.27144361e+00
-2.81344175e+00
-9.34250772e-01
-1.53650165e+00
-2.02735305e+00
-2.18763947e+00
6.66348755e-01
-8.36274743e-01
-3.55953664e-01
2.56850576e+00
-1.15523279e+00
-2.00629324e-01
1.43151033e+00
-1.28702986e+00
-6.99193478e-01
-1.50510180e+00
-1.19703245e+00
3.30060744e+00
-2.84872746e+00
-6.74537599e-01
-3.36827612e+00
-1.06372094e+00
6.73209310e-01
-3.00356674e+00
-1.33802688e+00
-7.30315745e-01
-1.03829652e-01
2.07930493e+00
-7.58850455e-01
-3.31797504e+00
-1.61001515e+00
-2.00456190e+00
7.38110685e+00
1.13324150e-01
-7.00094104e-01
-1.09160280e+00
1.28807938e+00
-2.84270763e+00
-4.89918143e-02
-2.67956519e+00
4.21021104e-01
-1.72658831e-01
-1.08889556e+00
7.39091337e-01
-2.70359564e+00
-2.26095200e-01
-2.84702468e+00
-2.32472324e+00
-2.88672853e+00
-3.24803853e+00
-2.80758190e+00
-2.99828410e+00
-1.43625891e+00
-2.04895401e+00
6.98297560e-01
7.08406806e-01
-1.35966468e+00
1.31211090e+00
-1.33704662e+00
-2.93335533e+00
1.06454945e+00
-2.51855087e+00
3.63496840e-01
-2.17755604e+00
-3.07776022e+00
-1.91557217e+00
-1.36969030e+00
-2.73654342e-01
-1.67733014e+00
-3.32980299e+00
-1.59089959e+00
-3.09441090e-01
8.52102101e-01
1.28999197e+00
1.63114011e+00
-2.73976350e+00
-1.67229831e+00
-9.17731285e-01
-3.16124225e+00
1.05903692e+01
1.11987686e+01
7.20619917e+00
9.17995262e+00
4.70483589e+00
4.92909241e+00
1.42588358e+01
5.65062332e+00
-1.51030636e+00
3.07485414e+00
4.95075405e-01
1.98828137e+00
-1.55682087e+00
-1.82621926e-02
-1.27430344e+00
1.79078543e+00
1.62042654e+00
-8.98297191e-01
9.53728390e+00
3.35832500e+00
7.49676228e-01
1.26344836e+00
3.50905275e+00
6.04390907e+00
2.11484313e+00
5.23709536e+00
1.14429951e+00
-7.41321921e-01
3.41514587e+00
2.92704010e+00
8.64957213e-01
-6.62414074e-01
-3.95363778e-01
6.48753464e-01
2.48208332e+00
4.68345118e+00
6.99324727e-01
7.36426783e+00
1.46644795e+00
6.76607561e+00
-2.00448179e+00
2.49199915e+00
2.82517219e+00
3.53199840e+00
3.12100911e+00
1.79134250e+00
-4.84201133e-01
8.68801951e-01
3.77630377e+00
5.62288857e+00
1.57304430e+00
3.00707006e+00
9.25913525e+00
5.57756853e+00
2.59105349e+00
-6.63953960e-01
6.91034460e+00
5.11278868e+00
-1.20252764e+00
-1.66160774e+00
-1.64338481e+00
7.46996450e+00
-1.25353366e-01
-6.28830254e-01
6.58035374e+00
5.04262114e+00
4.93189526e+00
4.71385002e+00
3.65697455e+00
4.34176254e+00
-5.89290500e-01
1.24784136e+01
4.82914066e+00
5.52778196e+00
1.51759028e+00
2.41890192e+00
4.87970257e+00
5.21525145e+00
5.79550457e+00
1.07760305e+01
1.11320896e+01
1.12175732e+01
-1.30928826e+00
1.09248698e-01
4.07901001e+00
-5.46484292e-02
-7.84628272e-01
1.92827272e+00
7.09537506e+00
3.57379174e+00
2.85554028e+00
2.64304900e+00
-7.70319700e-02
5.09661627e+00
4.56704807e+00
4.74366188e-01
6.68932247e+00
1.12838783e+01
9.95893097e+00
1.13176975e+01
2.82329130e+00
1.78512609e+00
2.22129345e+00
1.18517852e+00
1.25509191e+00
3.84230494e+00
1.27703638e+01
1.53390188e+01
1.25948858e+01
8.76837730e+00
1.01226091e+01
7.63455451e-01
8.37855816e+00
7.30871582e+00
6.99239397e+00
3.86482167e+00
7.04458618e+00
-5.41782260e-01
6.69721127e+00
9.62000084e+00
2.61013961e+00
2.72115779e+00
5.09800339e+00
1.14284360e+00
-3.42602640e-01
-1.38029963e-01
3.74795294e+00
2.04152441e+00
1.20323906e+01
1.25936258e+00
5.63558960e+00
2.62288570e+00
9.27874184e+00
7.96729088e+00
5.28182220e+00
1.19493532e+00
5.19115448e+00
8.81316841e-01
2.10731316e+00
-1.27924299e+00
3.45833302e-01
1.29932821e+00
7.04002857e-01
-1.22960019e+00
-5.28622866e-01
2.50488567e+00
-6.39926434e-01
-2.08260632e+00
1.44259930e+00
-3.09665585e+00
-2.54191995e-01
-2.22667408e+00
-2.34425449e+00
-1.23274684e+00
-2.10272741e+00
-1.39308977e+00
-1.52541244e+00
-7.09851533e-02
7.19795883e-01
1.25800467e+00
-1.76616657e+00
-1.66031718e+00
-2.33816075e+00
-5.98548949e-01
-2.65175271e+00
-2.12265611e+00
-8.16927254e-01
-1.46941257e+00
-3.08385491e+00
-2.92714643e+00
-1.40788507e+00
-2.05636287e+00
-2.09986973e+00
1.42554678e-02
-3.08005953e+00
-1.46485341e+00
2.77459353e-01
-1.50006533e+00
-7.17125297e-01
2.68707657e+00
6.32229185e+00
8.67681885e+00
3.84971356e+00
-6.65153146e-01
3.26151848e-01
-8.01385403e-01
-1.71867216e+00
4.61306763e+00
-1.14609909e+00
-4.20576394e-01
2.95000696e+00
1.78846806e-01
-1.24019265e+00
-1.77701175e+00
1.52204001e+00
-1.76896721e-01
-5.62073588e-01
4.60127974e+00
-3.14847648e-01
-2.14470696e+00
-1.23042583e+00
-1.40432870e+00
1.52601227e-01
-5.07089913e-01
7.89537859e+00
5.19614267e+00
1.69304061e+00
4.02090168e+00
4.29635715e+00
-1.36803126e+00
4.22221994e+00
7.89931118e-01
-1.05085647e+00
-2.10354066e+00
-1.29148412e+00
-2.47122240e+00
-1.13015878e+00
1.06635332e+00
-2.09461260e+00
7.03304350e-01
5.72287977e-01
1.41330153e-01
2.13054276e+00
1.53717375e+00
5.53147316e-01
-2.66744852e+00
3.31805158e+00
2.58331060e+00
-2.31545997e+00
2.69162917e+00
-3.72475505e-01
1.20709658e+00
4.15229321e+00
3.18759012e+00
-3.11793160e+00
-3.65921998e+00
1.00194216e+00
3.82637358e+00
-2.07134700e+00
-4.14037704e+00
-5.07764339e-01
-2.42464948e+00
-2.04264164e+00
-2.78333354e+00
-2.04325104e+00
-1.89166212e+00
-2.14614296e+00
5.20800889e-01
-1.81010818e+00
-2.04245836e-01
-3.17600280e-01
-1.13382840e+00
-2.87916064e+00
4.90645200e-01
5.41120589e-01
-1.40638661e+00
-6.01741552e-01
5.60472071e-01
-1.05149817e+00
-1.40920138e+00
-1.72056055e+00
5.53578019e-01
-1.53650713e+00
-1.88886189e+00
-8.48321080e-01
-1.11761439e+00
-1.42235368e-01
1.73740137e+00
-1.23656392e+00
-4.43220913e-01
-1.58630371e+00
-1.00096929e+00
-8.72777998e-01
-1.85171676e+00
7.81985879e-01
-2.12207222e+00
-1.54779255e+00
2.12938905e-01
2.05179286e+00
-2.28479433e+00
-1.69419125e-01
-1.84825420e+00
-1.36013710e+00
1.31975746e+00
1.68703103e+00
-1.21050382e+00
1.67575216e+00
-1.32233238e+00
1.16819054e-01
-6.29831970e-01
-1.64601529e+00
-1.39674580e+00
8.29403251e-02
-1.26882064e+00
1.03537917e+00
-1.35611844e+00
-1.41092181e+00
-9.77529049e-01
-1.57976425e+00
3.17242956e+00
-1.80164540e+00
1.84508777e+00
-3.77090901e-01
-1.32890153e+00
1.73921287e+00
-1.94998634e+00
3.22000885e+00
-1.18089771e+00
1.54617751e+00
3.82015973e-01
-1.87683117e+00
-6.75445795e-01
3.23824120e+00
-1.95623863e+00
-1.10239077e+00
-1.39976919e+00
-3.05593252e+00
-1.14458108e+00
-2.84714222e-01
1.00435257e+00
4.85900164e-01
3.08951825e-01
-9.64144319e-02
-1.27586377e+00
-1.40728176e+00
9.42817390e-01
-2.35024142e+00
2.43496799e+00
-1.04809070e+00
-2.86097020e-01
-1.30813217e+00
-3.49284649e+00
-3.24456841e-02
-2.13426042e+00
-2.71009636e+00
-1.86857867e+00
-5.01477599e-01
-1.98204064e+00
1.37960267e+00
-1.91073358e+00
-8.68597031e-01
-2.23630309e+00
-2.08637571e+00
-1.81618583e+00
-2.10195327e+00
3.65786982e+00
-1.21834204e-01
-2.48613286e+00
-4.48667794e-01
-4.03486395e+00
-8.63558054e-01
3.54863912e-01
-1.27635741e+00
2.24026963e-01
-1.22417474e+00
-2.24403381e+00
-2.74593425e+00
2.92832327e+00
-2.36674190e+00
-1.16184878e+00
-9.06909764e-01
-1.04253435e+00
-2.17247772e+00
-1.66841924e+00
8.32276344e-02
-3.99919063e-01
-2.02002954e+00
-1.82870293e+00
-1.26053655e+00
-1.47072065e+00
1.66775703e-01
4.33462977e-01
-1.67212808e+00
-2.32602191e+00
1.79907680e-01
-2.46105957e+00
-1.12653184e+00
-1.17650223e+00
9.39067602e-02
-3.52171540e-01
-1.72288525e+00
-1.28968871e+00
-1.27870131e+00
6.58079505e-01
-3.41433620e+00
-1.04234326e+00
4.87415314e+00
-1.94093740e+00
3.34003520e+00
-2.75174809e+00
-1.97483122e+00
-1.30241334e+00
1.46979824e-01
-3.91235977e-01
-1.52126229e+00
-5.99430352e-02
-2.79061580e+00
-2.57083416e+00
-3.16216052e-01
-2.52327013e+00
-3.85936469e-01
4.02755070e+00
-1.59919775e+00
2.32789850e+00
-6.33275867e-01
-1.80236980e-01
1.31159127e+00
-7.51407593e-02
-1.16859066e+00
9.60586309e-01
-2.37364388e+00
9.31075215e-01
-8.24305713e-01
-2.17214537e+00
-1.81069660e+00
-1.10153866e+00
-9.20471728e-01
3.92387652e+00
-2.57068968e+00
9.47525620e-01
-2.09395337e+00
-6.53935671e-01
-5.40852368e-01
2.40314507e+00
-8.62516284e-01
-3.47937012e+00
-1.76461172e+00
1.27405262e+00
-1.25806224e+00
7.81915635e-02
-2.76744032e+00
-1.85639632e+00
-2.45871687e+00
2.93831170e-01
7.56207824e-01
-2.52676082e+00
-8.71825457e-01
3.50358456e-01
9.30633068e-01
-1.14086366e+00
2.08219767e+00
-1.91632032e+00
-3.00901443e-01
-1.90126610e+00
-5.29138684e-01
-1.90154636e+00
-3.03930855e+00
-1.93662143e+00
-1.93910444e+00
-9.22743618e-01
3.70918703e+00
-1.10694766e+00
-1.80085075e+00
1.46728605e-01
-9.47470143e-02
-1.11112428e+00
-2.16611218e+00
-1.58795345e+00
-1.06749308e+00
-2.10593551e-01
1.22741747e+00
-1.29348373e+00
-1.57827473e+00
-1.40064955e-03
-6.82448089e-01
-1.66822803e+00
7.63636231e-01
-1.71065485e+00
-6.63829446e-01
1.25848651e+00
4.92052257e-01
1.73169374e+00
-3.96364242e-01
-1.26851475e+00
-1.41788399e+00
-6.66193187e-01
-2.35733211e-01
-9.78570521e-01
9.84075427e-01
-5.96849859e-01
8.13696444e-01
-1.59598446e+00
-1.33725941e+00
-2.54056978e+00
-2.39594293e+00
-6.15538843e-02
-5.12216985e-01
-9.45421457e-01
-6.31906271e-01
-1.73307860e+00
4.33767736e-02
-1.21722937e+00
1.66898763e+00
3.87338400e-01
-4.49025661e-01
2.80311644e-01
-1.50201929e+00
-6.81397021e-01
-1.19480991e+00
-9.95072305e-01
-1.86945152e+00
-1.86232293e+00
-4.69501391e-02
-1.27496123e+00
-1.33741808e+00
-7.41611063e-01
3.68976808e+00
7.92236030e-01
-1.12342668e+00
-1.19023001e+00
-2.65503407e+00
-8.01122069e-01
-2.08138490e+00
7.81972766e-01
3.95880222e-01
-9.06413317e-01
3.72195721e-01
-4.53016698e-01
1.07929952e-01
-3.25045347e-01
-1.11419642e+00
-1.16256845e+00
2.05681729e+00
-1.54858530e-01
3.22634041e-01
4.76728153e+00
-1.35549581e+00
-9.23949838e-01
-1.40852541e-01
1.65638053e+00
2.65016705e-02
-2.53649187e+00
-9.06906366e-01
-1.00852752e+00
-1.12867856e+00
-1.39456582e+00
-3.40622759e+00
-1.80996513e+00
1.58376133e+00
1.61178946e+00
-2.35995576e-01
2.54179150e-01
-1.87773132e+00
-2.04275116e-01
-1.41235268e+00
-9.28549588e-01
-9.31083083e-01
-1.80551493e+00
-5.94505668e-01
3.54476547e+00
2.08596420e+00
-2.12312150e+00
6.16370887e-03
-1.19705772e+00
-3.67646599e+00
4.99335885e-01
-1.09792852e+00
-1.39058733e+00
-1.60426259e+00
-9.47991967e-01
2.14275599e-01
-5.72753012e-01
-1.92352021e+00
-3.98285389e-01
-3.12452078e+00
1.73743010e+00
-1.26302660e+00
-2.18121433e+00
3.37330389e+00
1.42148745e+00
1.60384393e+00
2.19775081e+00
2.04582620e+00
-6.46551490e-01
-1.63652986e-01
-2.25926256e+00
-3.54453892e-01
3.54174447e+00
-1.77581191e+00
-9.19166088e-01
-1.09373772e+00
-1.84082961e+00
-1.24407792e+00
-1.15311420e+00
7.83888102e-01
-5.96061289e-01
-1.36637783e+00
-3.18810046e-01
-3.09173131e+00
-2.11980724e+00
-1.38850141e+00
2.00069141e+00
-1.31755495e+00
1.26219046e+00
-1.42085195e+00
-1.63568759e+00
4.36228871e-01
-5.14488935e-01
3.65928531e+00
2.09787083e+00
-1.31561816e+00
-1.09970498e+00
1.00157499e+00
-2.05802989e+00
-7.22197056e-01
1.10986149e+00
-2.07697654e+00
-2.34212804e+00
-1.76183283e+00
2.32021362e-01
1.30438530e+00
-1.03658080e+00
-6.22812331e-01
-1.47946656e+00
-1.53946877e-02
-3.53651428e+00
-7.85193861e-01
3.98733974e-01
-5.40741920e-01
-5.50311327e-01
-1.82677579e+00
-4.52598929e-03
2.56517982e+00
-1.80503666e+00
-4.67816204e-01
-2.31031561e+00
-3.02891898e+00
-1.16462815e+00
-2.76111341e+00
-9.20881689e-01
-1.37688589e+00
-1.58227056e-01
-6.48856580e-01
-1.28299129e+00
-2.72351056e-01
-1.70238161e+00
-1.20209634e+00
-5.93604565e-01
6.22914374e-01
-1.12209588e-01
5.04057586e-01
8.56515467e-01
-4.28074330e-01
2.19627309e+00
7.28308082e-01
-1.27358043e+00
1.17165744e+00
-3.16907287e+00
-7.31963277e-01
-6.03765726e-01
-1.55565810e+00
1.95392504e-01
-3.86062831e-01
1.15913260e+00
2.91049767e+00
8.53975177e-01
-1.43836713e+00
-1.31749630e+00
-9.59173799e-01
-1.11621678e+00
2.53819966e+00
-2.66404390e-01
-1.52007318e+00
1.47882211e+00
-1.83636457e-01
6.82531476e-01
-2.05822158e+00
1.42056212e-01
1.73308194e-01
3.18929410e+00
-2.50811791e+00
-1.39659441e+00
-1.13531506e+00
4.22814429e-01
-1.94931352e+00
-1.12492979e+00
-2.09277296e+00
-1.99692762e+00
-1.58360243e+00
-1.74455464e+00
5.71754456e-01
1.04091525e-01
-2.26539445e+00
-6.34631634e-01
-1.02249575e+00
-1.07550249e-01
1.48296207e-01
6.33702815e-01
-2.48564768e+00
9.94535267e-01
1.67786682e+00
-1.32754457e+00
6.09328687e-01
-3.81932467e-01
1.71977842e+00
-2.57689857e+00
-4.90384459e-01
-3.31033492e+00
-1.56546906e-01
3.79818368e+00
-4.28463459e-01
5.21183252e+00
-1.18811989e+00
-3.28216881e-01
1.89990386e-01
-1.59688520e+00
-1.03100848e+00
-1.95214200e+00
8.50405216e-01
-2.36985898e+00
9.42449093e-01
-8.36504340e-01
-2.73180151e+00
-1.15816379e+00
5.86567879e-01
-1.58697581e+00
7.90355861e-01
-7.16785967e-01
-1.36283648e+00
1.62030518e+00
-1.36802280e+00
-1.09109151e+00
-2.38423967e+00
-2.62420440e+00
-1.09179854e+00
1.74475670e+00
-3.21723044e-01
-5.21054864e-01
1.48023784e+00
-1.59964800e+00
-1.06644595e+00
-2.06301379e+00
6.89952374e-02
-1.83613634e+00
-3.30706537e-01
-1.79220903e+00
-3.98262560e-01
-1.88653576e+00
-1.29568195e+00
-2.68526912e-01
-7.89467752e-01
-7.76943564e-01
-1.53699601e+00
-1.65634727e+00
2.55749881e-01
1.07843721e+00
5.70559800e-02
1.31046498e+00
-1.52043760e+00
7.08938912e-02
1.80357561e-01
-6.72393322e-01
-3.05486888e-01
1.78157997e+00
1.84567958e-01
-6.96099043e-01
-1.86109352e+00
-3.31183732e-01
-3.65802646e-01
-9.91467655e-01
1.30880296e+00
-1.34985816e+00
-1.98951721e+00
2.09475517e-01
-1.61592925e+00
-8.08914959e-01
-1.79914629e+00
4.49348480e-01
-7.34566271e-01
-1.14367592e+00
-3.66237491e-01
-1.08342505e+00
-1.42522800e+00
-2.23336601e+00
-1.25030518e+00
-2.93891406e+00
6.17294312e-01
-7.93139160e-01
2.08509922e+00
-2.81293464e+00
-3.32528806e+00
-6.44140840e-01
-3.29598475e+00
-5.64783692e-01
1.88033259e+00
-1.93251228e+00
4.14456320e+00
-8.65881681e-01
-2.13562059e+00
7.34378695e-02
-2.59934330e+00
-1.56601381e+00
-9.81057286e-01
-3.50293231e+00
-1.84102333e+00
-1.14666402e+00
-4.30441380e-01
-8.75795007e-01
3.40380669e-01
-2.91949034e+00
-3.01324582e+00
-3.53915501e+00
-1.25356281e+00
-1.89724576e+00
-2.31257176e+00
8.22247863e-01
-3.61660451e-01
1.06726158e+00
-2.78878832e+00
-1.55920720e+00
-1.59968722e+00
-2.72218752e+00
-1.63994026e+00
-3.20311594e+00
-1.13075089e+00
-1.65596294e+00
-8.77454162e-01
1.11758935e+00
1.29484069e+00
-6.84507787e-02
5.70654631e-01
-1.61721659e+00
-2.82205081e+00
4.02614927e+00
1.30420530e+00
-1.91413355e+00
-6.69539511e-01
-2.74169922e-01
-2.96413749e-01
2.80669183e-01
1.35680151e+00
1.47326899e+00
-6.07031703e-01
1.90957576e-01
1.63892365e+00
-2.70814848e+00
4.47037518e-01
-1.38380909e+00
2.49239713e-01
-9.73554730e-01
-1.66098878e-01
-1.61793900e+00
-1.52304530e+00
-2.63427806e+00
-2.22748369e-01
-1.28226757e+00
-3.55329943e+00
-2.32819963e+00
1.30197132e+00
probs:
1.04942856e-07
7.20491684e-08
2.89325726e-07
1.84545002e-08
6.77154972e-08
5.29864259e-08
7.52416724e-07
2.87914418e-06
2.90508287e-05
1.25435079e-07
3.45901796e-08
1.33474273e-07
1.47974726e-08
3.28996421e-08
7.30977323e-09
2.26924950e-08
1.47188175e-07
5.35885476e-07
5.02935791e-08
6.84967247e-08
5.61108244e-08
1.63541165e-06
4.70228372e-07
7.70885833e-07
4.32305072e-08
1.27057342e-08
1.78436093e-08
3.11171071e-08
2.30046115e-08
3.80221763e-06
1.93380476e-08
9.48288914e-09
1.69287624e-08
1.46277257e-08
2.95598124e-08
1.02262216e-08
2.68885003e-08
2.23475443e-08
1.70293166e-08
8.72730332e-09
5.96280936e-09
1.09617222e-08
7.89749599e-09
5.44478640e-09
8.85505536e-09
9.20327103e-09
1.33525759e-08
6.08206241e-09
7.56046159e-09
5.59796298e-09
4.32657323e-08
6.33092512e-08
2.20320260e-08
3.80032148e-08
1.02928723e-08
1.07148228e-08
9.19120708e-08
7.35705008e-09
1.08086269e-08
4.18615231e-09
4.71641259e-09
8.91161278e-09
5.87760240e-09
8.44024317e-09
6.62608635e-09
4.24868585e-09
4.48137349e-09
1.02893587e-08
8.41213321e-09
3.02953795e-09
1.33672033e-08
3.11617718e-08
1.31563000e-08
7.65150787e-09
5.01036190e-08
2.74356200e-08
1.67934964e-08
1.43063552e-08
2.48313626e-07
5.52611397e-08
8.93347760e-08
1.66378334e-06
4.01696454e-08
1.04346263e-07
5.33710761e-07
3.52094283e-08
6.33801704e-08
2.83107866e-08
3.85251795e-08
3.45975059e-06
7.38622585e-09
6.49623146e-08
4.39324666e-09
4.40190497e-08
2.50023078e-07
6.32668495e-09
3.34588748e-08
6.14380156e-08
1.14952009e-07
1.02009267e-06
5.97096133e-08
4.61988137e-09
2.54910955e-08
1.71806320e-08
2.04730750e-04
1.42831880e-07
6.33231352e-08
4.28086757e-08
4.62396770e-07
7.43082174e-09
1.21431697e-07
8.74760264e-09
1.94292653e-07
1.07306057e-07
4.29247784e-08
2.67049757e-07
8.53989679e-09
1.01722534e-07
7.39881711e-09
1.24736799e-08
7.11080039e-09
4.95454699e-09
7.69647279e-09
6.36019948e-09
3.03284082e-08
1.64346048e-08
2.56375102e-07
2.58979924e-07
3.27427045e-08
4.73643496e-07
3.34916948e-08
6.78686884e-09
3.69774540e-07
1.02758069e-08
1.83431425e-07
1.44513530e-08
5.87428506e-09
1.87796143e-08
3.24160361e-08
9.69979794e-08
2.38316158e-08
4.56556171e-09
2.59830557e-08
9.35880280e-08
2.99000845e-07
4.63282220e-07
6.51634480e-07
8.23653590e-09
2.39518734e-08
5.09381834e-08
5.40379519e-09
5.06930007e-03
9.31477733e-03
1.71878433e-04
1.23712001e-03
1.40894272e-05
1.76313970e-05
1.98674813e-01
3.62780193e-05
2.81638055e-08
2.76058540e-06
2.09226897e-07
9.31340821e-07
2.68837823e-08
1.25221248e-07
3.56603600e-08
7.64429558e-07
6.44690431e-07
5.19377963e-08
1.76847458e-03
3.66531322e-06
2.69891700e-07
4.51146803e-07
4.26158886e-06
5.37582855e-05
1.05699735e-06
2.39911406e-05
4.00471890e-07
6.07654584e-08
3.87961018e-06
2.38125790e-06
3.02869182e-07
6.57546551e-08
8.58825189e-08
2.43982697e-07
1.52603388e-06
1.37913339e-05
2.56638572e-07
2.01312141e-04
5.52687027e-07
1.10682406e-04
1.71820069e-08
1.54124177e-06
2.15063096e-06
4.36050323e-06
2.89098602e-06
7.64855429e-07
7.85819978e-08
3.04036035e-07
5.56719897e-06
3.52856841e-05
6.14856447e-07
2.57966190e-06
1.33906119e-03
3.37222482e-05
1.70172552e-06
6.56533956e-08
1.27859617e-04
2.11867718e-05
3.83140630e-08
2.42093101e-08
2.46545167e-08
2.23755356e-04
1.12504168e-07
6.80004391e-08
9.19222002e-05
1.97511054e-05
1.76808844e-05
1.42170047e-05
4.94097958e-06
9.79969536e-06
7.07429919e-08
3.34900059e-02
1.59543160e-05
3.20844119e-05
5.81688255e-07
1.43260036e-06
1.67817398e-05
2.34727395e-05
4.19338503e-05
6.10351050e-03
8.71393178e-03
9.49159544e-03
3.44343682e-08
1.42251011e-07
7.53530094e-06
1.20746790e-07
5.81900963e-08
8.77096738e-07
1.53847810e-04
4.54660267e-06
2.21694268e-06
1.79254801e-06
1.18074055e-07
2.08468864e-05
1.22758856e-05
2.04938573e-07
1.02504964e-04
1.01422705e-02
2.69598723e-03
1.04911393e-02
2.14658803e-06
7.60115086e-07
1.17572176e-06
4.17182122e-07
4.47392239e-07
5.94704215e-06
4.48443331e-02
5.85140705e-01
3.76269072e-02
8.19722714e-04
3.17542860e-03
2.73636203e-07
5.55099279e-04
1.90433784e-04
1.38792951e-04
6.08246592e-06
1.46229155e-04
7.41849746e-08
1.03316801e-04
1.92097784e-03
1.73451645e-06
1.93817505e-06
2.08758320e-05
3.99889160e-07
9.05354369e-08
1.11087033e-07
5.41158124e-06
9.82271786e-07
2.14392655e-02
4.49306953e-07
3.57367062e-05
1.75676576e-06
1.36557478e-03
3.67925211e-04
2.50885350e-05
4.21272517e-07
2.29138914e-05
3.07864951e-07
1.04906781e-06
3.54846996e-08
1.80219914e-07
4.67627444e-07
2.57842117e-07
3.72907039e-08
7.51676836e-08
1.56123087e-06
6.72500704e-08
1.58907589e-08
5.39662210e-07
5.76432591e-09
9.89041951e-08
1.37586813e-08
1.22324177e-08
3.71735318e-08
1.55742228e-08
3.16663247e-08
2.77415566e-08
1.18790240e-07
2.61946496e-07
4.48697193e-07
2.18058531e-08
2.42405456e-08
1.23071890e-08
7.00910547e-08
8.99429686e-09
1.52669024e-08
5.63406424e-08
2.93393985e-08
5.83858473e-09
6.82913548e-09
3.12012638e-08
1.63133045e-08
1.56187845e-08
1.29360046e-07
5.86078830e-09
2.94734495e-08
1.68309271e-07
2.84537016e-08
6.22537115e-08
1.87323224e-06
7.10142267e-05
7.48003542e-04
5.99126224e-06
6.55748025e-08
1.76707516e-07
5.72231826e-08
2.28664625e-08
1.28540178e-05
4.05381719e-08
8.37442897e-08
2.43658201e-06
1.52503944e-07
3.68977560e-08
2.15706404e-08
5.84282418e-07
1.06852248e-07
7.26948386e-08
1.27033791e-05
9.30834290e-08
1.49339385e-08
3.72599196e-08
3.13124495e-08
1.48553525e-07
7.68038291e-08
3.42395826e-04
2.30284841e-05
6.93246022e-07
7.10991617e-06
9.36468768e-06
3.24698703e-08
8.69553151e-06
2.80977730e-07
4.45890116e-08
1.55615432e-08
3.50529668e-08
1.07738432e-08
4.11895940e-08
3.70442365e-07
1.57011026e-08
2.57661924e-07
2.26021839e-07
1.46888510e-07
1.07372239e-06
5.93191544e-07
2.21736855e-07
8.85422757e-09
3.52063057e-06
1.68859856e-06
1.25897728e-08
1.88178012e-06
8.78708732e-08
4.26426965e-07
8.10824986e-06
3.09002576e-06
5.64297720e-09
3.28420091e-09
3.47333952e-07
5.85304406e-06
1.60706861e-08
2.02985850e-09
7.67520589e-08
1.12874883e-08
1.65386886e-08
7.88537857e-09
1.65285972e-08
1.92340561e-08
1.49125334e-08
2.14679176e-07
2.08683755e-08
1.03969590e-07
9.28275838e-08
4.10387138e-08
7.16482162e-09
2.08302112e-07
2.19086061e-07
3.12480744e-08
6.98676175e-08
2.23367081e-07
4.45604442e-08
3.11602264e-08
2.28233255e-08
2.21832465e-07
2.74354655e-08
1.92879863e-08
5.45994112e-08
4.17095549e-08
1.10620825e-07
7.24690835e-07
3.70319277e-08
8.18692030e-08
2.61027182e-08
4.68698289e-08
5.32802247e-08
2.00179233e-08
2.78754186e-07
1.52758446e-08
2.71275731e-08
1.57792883e-07
9.92410833e-07
1.29818112e-08
1.07654259e-07
2.00873416e-08
3.27272183e-08
4.77279173e-07
6.89092076e-07
3.80096665e-08
6.81363417e-07
3.39881758e-08
1.43331974e-07
6.79323122e-08
2.45897063e-08
3.15507513e-08
1.38557326e-07
3.58564449e-08
3.59144025e-07
3.28590062e-08
3.11066621e-08
4.79814943e-08
2.62739945e-08
3.04352966e-06
2.10457340e-08
8.07087474e-07
8.74663044e-08
3.37655770e-08
7.26005112e-07
1.81443216e-08
3.19184051e-06
3.91518000e-08
5.98557108e-07
1.86860106e-07
1.95214138e-08
6.49032401e-08
3.25056885e-06
1.80312298e-08
4.23493383e-08
3.14555137e-08
6.00391692e-09
4.05997653e-08
9.59310213e-08
3.48171994e-07
2.07315964e-07
1.73694048e-07
1.15807524e-07
3.56047636e-08
3.12201323e-08
3.27393138e-07
1.21593988e-08
1.45580179e-06
4.47125004e-08
9.57985478e-08
3.44741906e-08
3.87869026e-09
1.23457639e-07
1.50907642e-08
8.48456505e-09
1.96831937e-08
7.72360949e-08
1.75719297e-08
5.06713889e-07
1.88707059e-08
5.35035483e-08
1.36268445e-08
1.58309810e-08
2.07419468e-08
1.55862878e-08
4.94540654e-06
1.12900878e-07
1.06143991e-08
8.14245240e-08
2.25574559e-09
5.37737428e-08
1.81854730e-07
3.55872487e-08
1.59552130e-07
3.74935354e-08
1.35218832e-08
8.18587065e-09
2.38431426e-06
1.19604087e-08
3.99047373e-08
5.14924459e-08
4.49616202e-08
1.45249137e-08
2.40449314e-08
1.38597244e-07
8.54921538e-08
1.69169159e-08
2.04839594e-08
3.61546988e-08
2.93010345e-08
1.50674182e-07
1.96725068e-07
2.39559395e-08
1.24574884e-08
1.52665891e-07
1.08838885e-08
4.13392129e-08
3.93242310e-08
1.40085149e-07
8.96732217e-08
2.27703207e-08
3.51159315e-08
3.55039234e-08
2.46268712e-07
4.19548041e-09
4.49701965e-08
1.66888694e-05
1.83092439e-08
3.59888577e-06
8.13841972e-09
1.76990778e-08
3.46719524e-08
1.47720854e-07
8.62377263e-08
2.78569345e-08
1.20109149e-07
7.82816389e-09
9.75236603e-09
9.29561281e-08
1.02274322e-08
8.66959695e-08
7.15734768e-06
2.57683155e-08
1.30798503e-06
6.76987710e-08
1.06495982e-07
4.73397392e-07
1.18297557e-07
3.96365856e-08
3.33262534e-07
1.18781571e-08
3.23571214e-07
5.59265132e-08
1.45297641e-08
2.08561204e-08
4.23854623e-08
5.07987608e-08
6.45248656e-06
9.75377912e-09
3.28938256e-07
1.57114677e-08
6.63145059e-08
7.42539896e-08
1.41020291e-06
5.38298757e-08
3.93131128e-09
2.18397744e-08
4.55956155e-07
3.62443195e-08
1.37900969e-07
8.01170952e-09
1.99244461e-08
1.09094307e-08
1.71087464e-07
2.71660070e-07
1.01917959e-08
5.33310605e-08
1.81037123e-07
3.23428054e-07
4.07509724e-08
1.02304853e-06
1.87655775e-08
9.43907068e-08
1.90502245e-08
7.51289164e-08
1.90448848e-08
6.10456263e-09
1.83884428e-08
1.83428366e-08
5.06834930e-08
5.20581534e-06
4.21568060e-08
2.10624798e-08
1.47683664e-07
1.16000848e-07
4.19810817e-08
1.46176857e-08
2.60597357e-08
4.38533689e-08
1.03311727e-07
4.35180993e-07
3.49829001e-08
2.63131632e-08
1.27350503e-07
6.44503828e-08
2.40495641e-08
2.73685771e-07
2.30505535e-08
6.56616663e-08
4.48913767e-07
2.08595338e-07
7.20566959e-07
8.57966427e-08
3.58673873e-08
3.08908561e-08
6.55065477e-08
1.00746860e-07
4.79315538e-08
3.41183210e-07
7.02102696e-08
2.87735304e-07
2.58512660e-08
3.34845396e-08
1.00520214e-08
1.16161969e-08
1.19915839e-07
7.64110624e-08
4.95470118e-08
6.77915537e-08
2.25394050e-08
1.33182581e-07
3.77548979e-08
6.76769957e-07
1.87857310e-07
8.13953278e-08
1.68790052e-07
2.83981834e-08
6.45181544e-08
3.86108816e-08
4.71470649e-08
1.96660448e-08
1.98067198e-08
1.21679889e-07
3.56369689e-08
3.34792389e-08
6.07479578e-08
5.10569544e-06
2.81626114e-07
4.14677785e-08
3.87881087e-08
8.96483776e-09
5.72382497e-08
1.59101692e-08
2.78750463e-07
1.89468878e-07
5.15179899e-08
1.85033954e-07
8.10711995e-08
1.42063527e-07
9.21390182e-08
4.18523634e-08
3.98760562e-08
9.97409188e-07
1.09233248e-07
1.76086942e-07
1.49973012e-05
3.28794449e-08
5.06224360e-08
1.10773897e-07
6.68291648e-07
1.30953950e-07
1.00930979e-08
5.14925453e-08
4.65169734e-08
4.12506047e-08
3.16196100e-08
4.22963620e-09
2.08714024e-08
6.21480979e-07
6.39146549e-07
1.00720442e-07
1.64436273e-07
1.95038474e-08
1.03966528e-07
3.10621964e-08
5.03900779e-08
5.02626030e-08
2.09644853e-08
7.03750516e-08
4.41652992e-06
1.02690865e-06
1.52597988e-08
1.28317495e-07
3.85242238e-08
3.22805249e-09
2.10120319e-07
4.25387761e-08
3.17456674e-08
2.56381565e-08
4.94198780e-08
1.58003843e-07
7.19226421e-08
1.86309457e-08
8.56319247e-08
5.60592328e-09
7.24711583e-07
3.60648187e-08
1.43985828e-08
3.72062686e-06
5.28388568e-07
6.34087996e-07
1.14836575e-06
9.86506620e-07
6.68060025e-08
1.08276780e-07
1.33175266e-08
8.94688057e-08
4.40320628e-06
2.15965343e-08
5.08651752e-08
4.27174065e-08
2.02370511e-08
3.67546775e-08
4.02548572e-08
2.79284791e-07
7.02655996e-08
3.25236087e-08
9.27153181e-08
5.79278359e-09
1.53104693e-08
3.18119788e-08
9.42970928e-07
3.41508901e-08
4.50579648e-07
3.07993133e-08
2.48449918e-08
1.97269898e-07
7.62376118e-08
4.95240965e-06
1.03920877e-06
3.42171340e-08
4.24632205e-08
3.47206111e-07
1.62861316e-08
6.19387848e-08
3.86915190e-07
1.59804845e-08
1.22584591e-08
2.19005525e-08
1.60832812e-07
4.69998383e-07
4.52301556e-08
6.84108770e-08
2.90459088e-08
1.25580740e-07
3.71295794e-09
5.81572550e-08
1.90010283e-07
7.42622106e-08
7.35549719e-08
2.05234567e-08
1.26953125e-07
1.65825963e-06
2.09744826e-08
7.98801736e-08
1.26547031e-08
6.16831608e-09
3.97939957e-08
8.06255862e-09
5.07779312e-08
3.21836531e-08
1.08865926e-07
6.66521913e-08
3.53519525e-08
9.71244134e-08
2.32420234e-08
3.83305867e-08
7.04385030e-08
2.37759195e-07
1.13992741e-07
2.11114781e-07
3.00323421e-07
8.31187350e-08
1.14666955e-06
2.64185587e-07
3.56862166e-08
4.11579265e-07
5.36165112e-09
6.13368556e-08
6.97263687e-08
2.69150782e-08
1.55048312e-07
8.66850485e-08
4.06456536e-07
2.34219033e-06
2.99561407e-07
3.02645553e-08
3.41529081e-08
4.88703016e-08
4.17678301e-08
1.61411720e-06
9.77037544e-08
2.78900565e-08
5.59568434e-07
1.06134529e-07
2.52364742e-07
1.62830265e-08
1.46995291e-07
1.51661709e-07
3.09529332e-06
1.03835776e-08
3.15555653e-08
4.09777066e-08
1.94641316e-07
1.81565412e-08
4.14054959e-08
1.57300288e-08
1.73122761e-08
2.61733604e-08
2.22822099e-08
2.25901374e-07
1.41519251e-07
1.32361127e-08
6.76070897e-08
4.58716762e-08
1.14525029e-07
1.47915401e-07
2.40338238e-07
1.06195426e-08
3.44770683e-07
6.82806160e-07
3.38114639e-08
2.34550825e-07
8.70438299e-08
7.12031465e-07
9.69341230e-09
7.80976492e-08
4.65531613e-09
1.09049019e-07
5.69035274e-06
8.30863272e-08
2.33926494e-05
3.88700947e-08
9.18473120e-08
1.54212898e-07
2.58280028e-08
4.54828495e-08
1.81052560e-08
2.98493973e-07
1.19231904e-08
3.27272346e-07
5.52483890e-08
8.30238722e-09
4.00520577e-08
2.29272658e-07
2.60851980e-08
2.81096987e-07
6.22748502e-08
3.26390115e-08
6.44612328e-07
3.24701794e-08
4.28305640e-08
1.17529462e-08
9.24553145e-09
4.28003482e-08
7.30041052e-07
9.24456671e-08
7.57386616e-08
5.60361400e-07
2.57567212e-08
4.38993162e-08
1.62051652e-08
1.36638604e-07
2.03322283e-08
9.16188867e-08
2.12452935e-08
8.56338929e-08
1.93328837e-08
3.49061189e-08
9.74965602e-08
5.79092010e-08
5.86389959e-08
2.74220699e-08
2.43370000e-08
1.64694740e-07
3.74945586e-07
1.35016975e-07
4.72864514e-07
2.78798975e-08
1.36898308e-07
1.52734643e-07
6.51017373e-08
9.39588958e-08
7.57424630e-07
1.53379091e-07
6.35765574e-08
1.98311021e-08
9.15752167e-08
8.84591884e-08
4.73173287e-08
4.72079165e-07
3.30653478e-08
1.74410388e-08
1.57247285e-07
2.53407677e-08
5.67939011e-08
2.10984243e-08
1.99875075e-07
6.11773743e-08
4.06365643e-08
8.84207267e-08
4.31602309e-08
3.06648467e-08
1.36669298e-08
3.65265009e-08
6.74923939e-09
2.36426743e-07
5.76969690e-08
1.02602075e-06
7.65539188e-09
4.58622029e-09
6.69671962e-08
4.72259654e-09
7.24980751e-08
8.36040499e-07
1.84641813e-08
8.04581032e-06
5.36489644e-08
1.50702562e-08
1.37246943e-07
9.47826084e-09
2.66377604e-08
4.78124917e-08
3.83976628e-09
2.02331165e-08
4.05152889e-08
8.29221491e-08
5.31197948e-08
1.79239834e-07
6.88162105e-09
6.26575103e-09
3.70316955e-09
3.64077657e-08
1.91269383e-08
1.26261810e-08
2.90206174e-07
8.88264111e-08
3.70778849e-07
7.84248133e-09
2.68197109e-08
2.57557389e-08
8.38258263e-09
2.47395882e-08
5.18218979e-09
4.11651655e-08
2.43463294e-08
5.30317230e-08
3.89916693e-07
4.65533873e-07
1.19091624e-07
2.25653110e-07
2.53081627e-08
7.58591323e-09
7.14732096e-06
4.69913687e-07
1.88066416e-08
6.52877645e-08
9.69479430e-08
9.48152916e-08
1.68850420e-07
4.95290806e-07
5.56470127e-07
6.94989950e-08
1.54362240e-07
6.56726570e-07
8.50110382e-09
1.99413734e-07
3.19615943e-08
1.63626112e-07
4.81725095e-08
1.08012344e-07
2.52898751e-08
2.78072978e-08
9.15285359e-09
1.02063517e-07
3.53775178e-08
3.65115715e-09
1.24303829e-08
4.68865295e-07
top5:
1,258,Samoyed,5.85140705e-01,1.53390188e+01
2,157,papillon,1.98674813e-01,1.42588358e+01
3,257,Great Pyrenees,4.48443331e-02,1.27703638e+01
4,259,Pomeranian,3.76269072e-02,1.25948858e+01
5,222,kuvasz,3.34900059e-02,1.24784136e+01
